61,58,51,32,12,14,71
58,25,54,14,12,94,32,76,39
35,53,26,77,14,71,25,76,85,55,51,49,95
32,91,76,11,35,61,51,77,52,19,71,84,53,58,25,44,54,94,23,12,46,69,24
18,37,26,47,83,85,49,32,76,35,61,77,52,19,71
39,19,84,53,58,25,54,12,69,66,31
61,52,71,84,44,66,92
71,84,44,46,45
32,91,76,35,51,77,52,71,84,53,58,25,44,54,94,23,12
48,18,37,34,26,55,47,95,83,49,32,91,11,35,61,77,52,39,71
25,54,12,46,79,74,18
94,65,44,39,46,66,52,15,54,71,84,92,12,77,23,27,31,16,25,58,19,69,53
19,71,53,25,44,54,94,23,46,69,24,15,66,16,65,31,79
49,76,11,35,77,52,39,71,54,23,12,46,69
69,58,19,71,35,61,16,46,54
54,16,35,94,25,15,51
34,26,55,47,95,14,85,49,32,91,76,11,35,61,51,77,52,39,19,71,84,53,58
76,54,77,24,46,12,27,35,53,52,61,39,58,69,94,71,91,23,51
14,27,83,85,37,65,16,18,79,22,48,66,86,92,47
19,52,61,58,44,84,51
27,15,66,16,92,31,98,79,74,86,18,37,26,55,85
94,46,27,66,65,45,98,74,86,48,18,37,34
66,46,53,52,77,35,16,27,61
18,37,34,55,47,95,83,14,85,49,32,91,76,11,35,61,51,77,39,71,84
61,51,77,52,39,19,71,84,53,58,25,54,94,23,12,46,69,24,27,15,66,16,92
98,74,86,22,48,18,37,34,26,55,47,95,83,14,85,49,32,91,76,11,51
49,32,51,39,84,53,69
46,15,66,65,45,98,86,48,18,34,55,47,95
25,94,23,12,66,16,92,31,79,86,22,48,18
32,91,76,51,77,52,39,19,53,58,25,54,94,23,12,69,24
34,26,55,47,83,14,76,35,61,51,77,39,19,84,53
34,18,95,74,35,37,47,52,76,32,22,48,51,86,77,85,11,55,83,14,26
25,44,54,23,46,69,27,16,92,31,45,98,22,48,18
91,58,11,76,26,49,19,95,14,61,39
48,18,37,34,55,47,95,14,85,49,32,91,76,35,61,51,77,52,39,19,71
31,66,27,79,23,86,22,92,15,44,54,94,16,37,12,18,45
16,24,66,53,12,77,19,65,15,51,27,94,23,52,39,46,58,69,92,84,71,54,25
44,54,94,12,46,24,27,15,92,31,86,22,37
39,71,53,54,15,45,98
69,53,44,54,77,58,27,39,61,25,12,94,23,51,35,84,71,15,46,66,16,19,52
94,46,69,31,66,84,86,58,98,16,24
55,47,95,49,76,51,19,71,84,58,44
12,46,69,16,92,65,31,45,98,79,74,86,22,48,18,37,34,26,47
52,11,77,58,27,35,39,24,44,19,46,23,54,53,71,76,12
71,66,94,15,84,46,61,52,11,19,53,23,51,69,27,54,58,12,39,44,24
79,86,22,18,37,47,83,14,91,76,51
79,48,47,95,11
12,24,46,34,66,74,86,98,69,37,45,92,26,55,47,18,65,22,16
71,65,54,15,39,69,98,23,46,58,94,24,45
79,74,86,83,14
35,19,84,69,27
54,46,66,31,98,48,18,37,34
18,65,34,14,55,66,24
94,46,27,65,98,22,26
66,69,45,46,79,23,86,92,58,94,84,53,24,31,44,54,16,12,65,27,98
27,66,92,65,31,98,86,18,26,55,95,83,85
86,34,79,83,66,55,22,16,32
85,49,32,76,11,77,52,39,84,53,25,54,94,12,46
74,47,31,22,92,18,79,37,48,14,16,85,98,83,34,45,65,95,66,27,86
86,22,18,37,34,26,47,95,83,85,49,32,11,35,61,77,39
79,55,95,49,91
54,94,23,12,46,69,24,27,15,66,16,65,31,45,98,79,74,86,22,48,18,37,34
27,53,58,92,69,79,94
83,14,85,49,32,91,76,11,35,61,51,77,52,39,19,71,84,53,58,44,54,94,23
23,12,46,69,24,27,15,66,16,92,65,31,98,79,74,86,22,48,18,37,34,26,55
53,54,19,85,46,91,84,71,44,52,23,51,77,76,39,32,25,94,49,11,61
32,35,55,22,74
35,61,51,77,39,19,71,84,53,58,25,44,54,94,23,12,46,69,24,27,15,66,16
95,74,11,49,85,83,45,34,32,61,37,35,14,55,18,79,26,22,98,86,91,47,48
66,31,45,98,22,48,47,95,83,14,85
61,51,77,52,39,19,71,84,53,58,25,54,94,23,12,46,69,27,15,16,92
85,49,91,35,61,77,52,39,19,71,84,53,58,25,94,12,46
47,26,79,65,34,37,74,83,98,22,45,55,18,16,66,69,15,86,95
61,51,46,23,12,25,85,58,52,39,54,19,76,91,94,32,35
48,37,95,85,32,91,76,51,71
84,58,25,44,54,94,23,12,46,69,24,27,15,66,16,92,65,31,98,79,86
77,54,14,35,49,84,76,51,11,44,94,95,52,71,19
69,24,27,15,66,16,92,65,31,45,98,79,74,22,48,18,37,34,26,55,47,95,83
61,71,53,44,46,24,66
66,16,45,18,55,47,83,85,32
69,24,27,66,98,79,86,22,48,18,37,34,26,55,47,95,83
85,19,71,84,44,11,53,47,77,49,76,54,14,91,25
11,83,61,77,51,35,58,94,95
49,32,91,76,11,35,61,51,77,52,39,19,84,58,25,44,94,23,12,46,69
25,44,54,94,23,12,24,27,15,66,16,92,65,31,79,74,86,22,18
71,49,48,95,76,83,34,47,37
14,49,32,91,61,77,52,19,84,58,44
45,44,79,53,16,23,15,58,92,31,66,22,98,74,25,24,46,69,65,86,54,27,94
11,61,52,53,58,94,66
77,84,54,69,71,76,24,23,94,11,44,27,91,12,61,53,35,19,39,46,25
92,65,31,45,74,86,48,18,37,34,26,55,47,95,83,14,85,91,76
46,24,15,66,16,92,98,79,86,18,34,26,55
11,35,61,51,77,52,39,19,71,53,58,25,44,54,94,23,12,69,24,15,66
49,76,39,53,58
71,84,53,58,25,44,54,94,23,12,69,24,27,15,66,16,92,65,31,45,98,79,74
14,25,47,32,54,19,85,95,58
53,12,25,19,15,54,52,31,44,39,69
32,91,76,35,61,51,77,52,39,19,84,58,25,44,54,94,23,12,46,69,24
55,83,91,49,86,22,76,37,32,14,39,47,34
94,23,12,46,69,24,27,66,16,92,65,31,45,98,79,74,86,22,48,18,37,34,26
55,83,49,32,35,39,19
19,16,92,46,31,69,44,52,39,12,71,45,53,15,84,66,58
71,84,35,53,58,11,91,61,51,83,25,14,47,77,32,76,44,55,95,52,19,49,39
24,27,65,31,45,98,22,48,18,34,26,55,47,95,14
46,23,58,31,98,12,92,24,45,54,71,94,19,16,53,25,39,44,69
92,65,98,18,47,83,14,85,76
26,32,34,83,49,91,52,85,47,11,51,76,74,35,48
65,45,98,79,74,22,48,18,55,47,95,83,14,85,49,32,91,76,11
47,39,26,22,49,34,76
77,52,84,54,23,46,27,16,31
15,66,16,92,65,31,98,74,86,48,18,37,34,55,47
92,55,48,18,27,45,65,24,66,83,69
22,18,37,95,85,49,32,35,61,77,19
49,91,77,71,58,25,54,94,69
39,51,85,77,49,19,61,18,22,37,14,34,11
47,85,32,91,76,52,39,19,71,84,53,44,54
76,35,61,52,39,71,53,58,25,94,12,46,24,27,15
61,51,84,25,46,35,76,32,52,12,23,69,19,94,58,11,39,53,24,54,77,44,91
31,45,66,49,79,95,26,98,65,48,14,55,22,74,92
92,46,48,26,66
25,44,94,12,65,31,79,22,18
45,98,79,55,14,34,26,83,74,15,86,92,85,49,18,66,65,16,22
25,32,53,58,94,23,19,54,71,11,39,77,52,84,69,76,49
52,39,84,53,25,44,12,24,15,66,16,92,65,31,45
52,39,19,58,44,54,94,23,12,69,24,15,66,16,92,31,45
95,66,47,26,18,83,32,45,85,98,86,37,55
31,45,86,48,37,26,95,83,14,85,32,76,35
94,24,92,58,19,54,69,16,84,53,27,51,77,12,15,61,39,25,52,23,71,66,44
44,54,94,23,12,46,69,24,66,92,31,98,79
66,16,92,65,45,98,79,74,86,22,48,18,37,26,55,47,95,83,14,49,32
98,18,47,14,85,49,51
55,85,91,11,84
32,91,11,35,51,77,52,39,19,84,58,54,94,23,69
83,84,11,26,77,34,14,85,71,52,18
32,49,91,76,83,94,71,19,23,61,58
44,69,16,98,65,58,12,84,94,25,79,27,31,54,46,24,86,66,74,45,92
65,94,15,12,45,74,23,58,16,84,86,31,69,24,98,92,66
61,51,77,52,19,71,84,53,25,44,94,23,12,46,69,24,27,15,66
79,34,55,61,98,45,47,74,83,49,76,11,32
86,22,48,18,37,83,85,32,91,76,11,35,61,51,77,52,39
65,45,86,55,95,85,32,76,11
15,66,16,92,31,45,98,79,74,86,22,48,18,37,34,26,95,83,14,85,49
54,58,53,16,71,15,98,69,94,65,46,31,66,25,92,84,44,24,19,23,27
26,61,37,14,71,51,19,76,91
15,92,79,74,86,22,48,26,55,83,14,85,49
26,74,83,76,49,31,47,35,37,95,86
71,83,95,34,19,39,14,51,85,49,52,61,32,48,55
69,15,66,92,79,74,37,34,55,47,95
47,51,19,39,35,85,84,91,26,71,49,55,25,11,52
26,14,76,32,37,95,86,35,55,79,83,11,91,47,34,22,31,98,85,45,48
35,53,19,32,91,46,12,25,11,61,54,51,71
98,79,74,86,22,18,37,34,26,55,47,95,83,85,49,32,91,11,51
79,22,34,47,32,11,77
31,69,45,95,83,16,55,65,98,22,26,37,74
74,86,22,37,34,26,55,95,85,32,91,76,11,77,52
39,19,71,53,25,44,54,46,69,24,27,66,16,65,31,45,98
47,51,11,77,58,85,52
45,48,37,83,49,32,91
85,26,77,95,19,18,51,34,55,52,91,32,11,84,39
79,45,18,94,48,74,16,12,92,98,37,26,27,23,69,46,34,86,31
48,34,14,45,86,98,18,85,47,22,55,76,79,32,31,91,35,83,37
76,77,52,71,44
26,55,47,95,83,14,85,49,32,91,76,11,35,61,51,77,52,39,19,71,84,58,25
45,98,79,86,48,18,34,26,47,95,85,91,61
24,44,19,71,15,12,27,51,52,92,84
69,24,27,65,98,22,48,18,55,47,83
61,34,11,74,91,51,48,55,52,86,37,85,14,49,95,76,22
71,46,27,15,66,92,79
58,46,16,31,27,54,53,66,12,23,71,52,84,25,44,94,77
61,77,39,19,71,84,25,44,54,94,24,27,15,66,16
51,52,15,12,24,66,54,35,46,16,69,84,53
74,86,22,48,18,34,26,55,47,95,83,14,85,49,32,91,76,11,35,61,51,77,52
34,26,47,14,32,76,35,39,71
37,26,47,83,85,49,76,11,35,61,51,77,53
66,24,98,86,15
91,76,35,61,51,52,39,19,53,58,54,94,23,46,27
16,92,45,74,86,22,18,37,34,26,55,85,49,32,91
12,74,58,79,23,31,22,25,86
98,79,22,48,18,14,85,49,32,76,11,61,51
34,26,55,47,95,83,14,85,49,32,91,76,11,35,61,51,52,39,19,71,84,53,58
51,52,39,58,25,44,54,12,46,69,24,66,16,92,65
24,44,58,12,46,92,22,79,86,74,54,65,23
86,22,18,26,95,32,91,76,51
71,54,69,24,15,66,16,31,45,98,74
15,92,65,31,45,98,79,74,86,22,48,18,34,26,55,95,14,85,49
53,44,54,94,23,12,46,69,24,27,15,66,92,98,74,86,22
16,92,65,31,45,98,22,18,37,34,55,95,83,14,32
34,47,95,83,14,85,49,91,76,11,35,51,77,52,19,71,84,53,58
55,45,76,37,35,83,31